Observer: RMA
     lat: 50:50:38.5
     lon: 4:23:34.5
    date: 20250211

           BEIDOU-2 I    BEIDOU-2 G    BEIDOU-2 I    BEIDOU-2 I    BEIDOU-2 I    BEIDOU-2 I    BEIDOU-2 G    BEIDOU-2 M    BEIDOU-2 M    BEIDOU-2 M    BEIDOU-2 G    BEIDOU-3S   
           GSO-1 (C06    4 (C04)       GSO-2 (C07    GSO-3 (C08    GSO-4 (C09    GSO-5 (C10    5 (C05)       3 (C11)       4 (C12)       6 (C14)       6 (C02)       IGSO-1S (C 

10:00 |  -39.3   91.7    0.9  160.0   39.6  119.1   -6.8  109.4  -28.3   80.8   45.0  103.8   -2.3   58.8    2.1   31.0   38.5   61.3  -47.7   15.1   -2.8   84.1   49.5   87.6
10:05 |  -40.1   91.7    0.9  160.0   38.9  119.2   -5.7  108.7  -29.3   80.6   44.6  104.1   -2.3   58.8    4.0   31.1   40.2   62.2  -49.0   16.8   -2.8   84.1   49.7   88.2
10:10 |  -40.9   91.7    1.0  160.0   38.2  119.4   -4.6  108.1  -30.2   80.3   44.1  104.5   -2.3   58.8    6.0   31.1   41.7   63.3  -50.2   18.6   -2.8   84.1   49.9   88.9
10:15 |  -41.7   91.7    1.0  160.0   37.6  119.4   -3.5  107.4  -31.2   80.0   43.6  104.8   -2.3   58.8    7.9   31.2   43.2   64.4  -51.3   20.6   -2.7   84.1   50.0   89.6
10:20 |  -42.5   91.8    1.1  159.9   36.9  119.5   -2.4  106.8  -32.1   79.8   43.1  105.1   -2.3   58.8    9.8   31.3   44.7   65.6  -52.3   22.8   -2.7   84.1   50.1   90.3
10:25 |  -43.3   91.9    1.1  159.9   36.2  119.5   -1.3  106.1  -33.1   79.6   42.6  105.4   -2.3   58.8   11.7   31.4   46.1   67.0  -53.2   25.1   -2.7   84.1   50.1   91.0
10:30 |  -44.0   92.1    1.2  159.9   35.4  119.5   -0.2  105.4  -34.0   79.4   42.0  105.7   -2.3   58.8   13.6   31.5   47.5   68.5  -54.0   27.5   -2.6   84.1   50.1   91.7
10:35 |  -44.7   92.3    1.2  159.9   34.7  119.5    0.9  104.8  -34.9   79.3   41.4  105.9   -2.3   58.8   15.5   31.6   48.7   70.2  -54.7   30.1   -2.6   84.1   50.1   92.4
10:40 |  -45.4   92.5    1.3  159.9   34.0  119.5    2.0  104.1  -35.8   79.1   40.9  106.1   -2.2   58.8   17.4   31.8   49.9   72.0  -55.2   32.7   -2.5   84.1   50.1   93.1
10:45 |  -46.1   92.8    1.3  159.9   33.2  119.4    3.1  103.4  -36.7   79.0   40.2  106.3   -2.2   58.8   19.3   31.9   51.0   73.9  -55.6   35.5   -2.5   84.1   50.0   93.8
10:50 |  -46.8   93.1    1.3  159.9   32.4  119.4    4.2  102.8  -37.6   79.0   39.6  106.5   -2.2   58.8   21.2   32.2   52.1   76.0  -55.9   38.4   -2.5   84.1   49.9   94.4
10:55 |  -47.4   93.4    1.4  159.9   31.7  119.3    5.3  102.1  -38.5   78.9   39.0  106.6   -2.2   58.8   23.0   32.4   53.0   78.3  -56.1   41.3   -2.4   84.1   49.8   95.1
11:00 |  -48.1   93.8    1.4  159.9   30.9  119.2    6.3  101.5  -39.3   78.9   38.3  106.7   -2.2   58.9   24.9   32.7   53.8   80.7  -56.1   44.2   -2.4   84.1   49.6   95.8
11:05 |  -48.7   94.2    1.5  159.9   30.1  119.0    7.4  100.8  -40.2   78.9   37.6  106.8   -2.1   58.9   26.7   33.1   54.5   83.2  -56.0   47.1   -2.3   84.1   49.4   96.4
11:10 |  -49.3   94.6    1.5  159.9   29.2  118.9    8.5  100.2  -41.0   78.9   36.9  106.8   -2.1   58.9   28.5   33.4   55.1   85.9  -55.7   50.0   -2.3   84.1   49.2   97.1
11:15 |  -49.8   95.1    1.6  159.9   28.4  118.7    9.6   99.5  -41.8   79.0   36.2  106.9   -2.1   58.9   30.3   33.9   55.5   88.6  -55.3   52.8   -2.2   84.1   48.9   97.7
11:20 |  -50.3   95.7    1.6  159.9   27.6  118.5   10.7   98.9  -42.6   79.1   35.5  106.9   -2.1   58.9   32.1   34.4   55.8   91.4  -54.8   55.5   -2.2   84.1   48.6   98.3
11:25 |  -50.8   96.2    1.6  159.9   26.8  118.3   11.8   98.2  -43.4   79.3   34.7  106.8   -2.0   58.9   33.8   35.0   56.0   94.3  -54.1   58.1   -2.1   84.1   48.3   98.9
11:30 |  -51.3   96.8    1.7  159.9   25.9  118.1   12.9   97.6  -44.2   79.4   34.0  106.8   -2.0   58.9   35.5   35.7   56.1   97.2  -53.3   60.5   -2.1   84.1   47.9   99.4
11:35 |  -51.7   97.5    1.7  159.9   25.1  117.9   14.0   97.0  -44.9   79.6   33.2  106.8   -2.0   58.9   37.2   36.4   56.0  100.1  -52.4   62.8   -2.0   84.1   47.6   99.9
11:40 |  -52.1   98.2    1.8  159.9   24.2  117.6   15.1   96.4  -45.7   79.9   32.5  106.7   -2.0   58.9   38.8   37.2   55.7  103.0  -51.4   65.0   -2.0   84.1   47.2  100.4
11:45 |  -52.5   98.9    1.8  159.9   23.3  117.4   16.2   95.7  -46.4   80.2   31.7  106.6   -1.9   58.9   40.4   38.1   55.4  105.8  -50.3   67.0   -1.9   84.1   46.7  100.9
11:50 |  -52.9   99.6    1.8  159.9   22.5  117.1   17.2   95.1  -47.1   80.5   30.9  106.5   -1.9   58.9   42.0   39.2   54.8  108.5  -49.2   68.9   -1.8   84.1   46.3  101.3
11:55 |  -53.2  100.4    1.9  159.9   21.6  116.8   18.3   94.5  -47.7   80.9   30.1  106.3   -1.9   58.9   43.5   40.3   54.2  111.1  -47.9   70.6   -1.8   84.1   45.8  101.7
12:00 |  -53.4  101.2    1.9  159.9   20.7  116.5   19.4   93.9  -48.4   81.3   29.3  106.2   -1.8   58.9   45.0   41.6   53.5  113.6  -46.6   72.2   -1.7   84.2   45.3  102.1
12:05 |  -53.7  102.1    1.9  159.9   19.8  116.2   20.5   93.4  -49.0   81.8   28.4  106.0   -1.8   58.9   46.4   43.0   52.6  115.9  -45.2   73.6   -1.7   84.2   44.7  102.5
12:10 |  -53.9  102.9    2.0  159.9   18.9  115.9   21.5   92.8  -49.6   82.3   27.6  105.8   -1.8   58.9   47.7   44.5   51.6  118.1  -43.7   74.9   -1.6   84.2   44.2  102.8
12:15 |  -54.0  103.8    2.0  159.9   18.0  115.6   22.6   92.2  -50.1   82.8   26.8  105.6   -1.7   58.9   49.0   46.2   50.6  120.1  -42.2   76.1   -1.6   84.2   43.6  103.1
12:20 |  -54.2  104.7    2.0  159.9   17.1  115.3   23.7   91.7  -50.7   83.4   25.9  105.4   -1.7   58.9   50.2   48.0   49.4  122.0  -40.7   77.1   -1.5   84.2   43.0  103.4
12:25 |  -54.2  105.5    2.1  159.9   16.2  114.9   24.8   91.1  -51.2   84.0   25.1  105.2   -1.7   58.9   51.3   50.0   48.2  123.8  -39.0   78.1   -1.4   84.2   42.4  103.6
12:30 |  -54.3  106.4    2.1  159.9   15.3  114.6   25.8   90.6  -51.7   84.6   24.2  104.9   -1.6   58.9   52.3   52.1   46.9  125.3  -37.4   78.9   -1.4   84.2   41.8  103.8
12:35 |  -54.3  107.4    2.1  159.9   14.4  114.2   26.9   90.1  -52.1   85.3   23.3  104.7   -1.6   58.9   53.2   54.3   45.5  126.8  -35.7   79.7   -1.3   84.2   41.1  104.0
12:40 |  -54.3  108.3    2.1  159.9   13.5  113.9   27.9   89.6  -52.5   86.1   22.4  104.4   -1.6   58.9   54.0   56.8   44.1  128.1  -34.0   80.4   -1.2   84.2   40.5  104.2
12:45 |  -54.2  109.1    2.2  159.9   12.5  113.5   29.0   89.1  -52.9   86.8   21.6  104.1   -1.5   58.9   54.7   59.3   42.6  129.3  -32.3   81.0   -1.2   84.2   39.8  104.3
12:50 |  -54.1  110.0    2.2  159.9   11.6  113.1   30.0   88.6  -53.2   87.6   20.7  103.8   -1.5   58.9   55.2   62.0   41.1  130.4  -30.5   81.5   -1.1   84.2   39.1  104.4
12:55 |  -54.0  110.9    2.2  159.9   10.7  112.7   31.1   88.2  -53.5   88.5   19.8  103.5   -1.4   58.9   55.7   64.7   39.5  131.4  -28.7   82.0   -1.0   84.2   38.4  104.4
13:00 |  -53.8  111.8    2.2  159.9    9.8  112.3   32.1   87.7  -53.8   89.3   18.9  103.2   -1.4   58.9   56.0   67.6   37.9  132.3  -26.9   82.4   -1.0   84.2   37.6  104.5
13:05 |  -53.6  112.6    2.3  159.9    8.8  111.9   33.1   87.3  -54.0   90.2   18.0  102.9   -1.3   58.9   56.1   70.5   36.2  133.0  -25.1   82.8   -0.9   84.2   36.9  104.5
13:10 |  -53.3  113.4    2.3  159.9    7.9  111.5   34.1   86.9  -54.2   91.1   17.1  102.6   -1.3   58.9   56.2   73.4   34.5  133.7  -23.2   83.1   -0.8   84.2   36.1  104.5
13:15 |  -53.0  114.2    2.3  159.9    7.0  111.1   35.2   86.5  -54.4   92.1   16.1  102.2   -1.3   58.9   56.0   76.3   32.8  134.3  -21.4   83.3   -0.8   84.2   35.4  104.5



           BEIDOU-3S     BEIDOU-3S     BEIDOU-3S     BEIDOU-2 I    BEIDOU-2 G    BEIDOU-3 M    BEIDOU-3 M    BEIDOU-3 M    BEIDOU-3 M    BEIDOU-3 M    BEIDOU-3 M    BEIDOU-3 M  
           M2S (C58)     M1S (C57)     IGSO-2S (C    GSO-6 (C13    7 (C03)       1 (C19)       2 (C20)       7 (C27)       8 (C28)       4 (C22)       3 (C21)       9 (C29)    

10:00 |  -55.1  -56.8   55.2  121.1   42.0  103.7  -12.3  103.8   -0.9  110.5   32.5  172.8   55.4 -136.4  -50.9  -92.1  -50.0  -29.7   -4.5  144.6  -39.6  114.0   13.7 -164.7
10:05 |  -54.9  -54.0   55.0  123.9   41.4  103.9  -11.2  103.3   -0.8  110.5   34.3  173.4   55.9 -133.6  -51.8  -89.9  -48.9  -27.8   -2.6  144.7  -38.0  114.9   11.9 -164.5
10:10 |  -54.5  -51.3   54.7  126.7   40.7  104.1  -10.1  102.7   -0.8  110.5   36.0  174.1   56.1 -130.8  -52.5  -87.6  -47.8  -26.0   -0.6  144.7  -36.3  115.7   10.0 -164.3
10:15 |  -54.0  -48.7   54.2  129.4   40.0  104.2   -9.1  102.1   -0.8  110.5   37.7  174.8   56.2 -127.8  -53.2  -85.1  -46.5  -24.3    1.3  144.8  -34.6  116.4    8.1 -164.2
10:20 |  -53.3  -46.2   53.6  131.9   39.3  104.4   -8.0  101.4   -0.7  110.5   39.3  175.7   56.2 -124.9  -53.8  -82.6  -45.2  -22.8    3.2  144.8  -32.9  117.0    6.2 -164.1
10:25 |  -52.5  -43.8   52.9  134.4   38.6  104.4   -6.9  100.8   -0.7  110.5   40.9  176.7   56.1 -122.0  -54.2  -80.0  -43.9  -21.4    5.2  144.9  -31.1  117.6    4.3 -164.0
10:30 |  -51.7  -41.5   52.1  136.7   37.9  104.5   -5.8  100.2   -0.6  110.5   42.4  177.7   55.8 -119.1  -54.5  -77.3  -42.4  -20.2    7.1  144.9  -29.3  118.1    2.4 -163.9
10:35 |  -50.7  -39.4   51.2  138.9   37.2  104.5   -4.8   99.6   -0.6  110.5   44.0  178.9   55.4 -116.3  -54.7  -74.5  -41.0  -19.0    9.0  145.0  -27.5  118.5    0.5 -163.8
10:40 |  -49.6  -37.4   50.2  141.0   36.4  104.6   -3.7   99.0   -0.6  110.5   45.4 -179.8   54.8 -113.6  -54.8  -71.7  -39.4  -17.9   11.0  145.1  -25.7  118.9   -1.4 -163.7
10:45 |  -48.5  -35.5   49.1  142.9   35.7  104.5   -2.6   98.4   -0.5  110.5   46.8 -178.4   54.1 -111.1  -54.7  -69.0  -37.9  -17.0   12.9  145.2  -23.9  119.2   -3.3 -163.6
10:50 |  -47.2  -33.8   47.9  144.6   34.9  104.5   -1.6   97.7   -0.5  110.5   48.1 -176.8   53.3 -108.6  -54.4  -66.2  -36.3  -16.1   14.8  145.3  -22.0  119.4   -5.2 -163.5
10:55 |  -45.9  -32.3   46.6  146.3   34.1  104.5   -0.5   97.1   -0.4  110.5   49.4 -175.1   52.4 -106.3  -54.1  -63.6  -34.6  -15.4   16.7  145.4  -20.1  119.7   -7.1 -163.4
11:00 |  -44.6  -30.9   45.3  147.8   33.3  104.4    0.6   96.5   -0.4  110.5   50.5 -173.2   51.4 -104.2  -53.6  -60.9  -32.9  -14.7   18.6  145.6  -18.2  119.9   -9.0 -163.3
11:05 |  -43.1  -29.6   43.9  149.1   32.5  104.3    1.7   95.9   -0.3  110.5   51.6 -171.2   50.3 -102.2  -53.0  -58.4  -31.2  -14.1   20.5  145.8  -16.4  120.1  -10.8 -163.1
11:10 |  -41.6  -28.4   42.4  150.3   31.7  104.1    2.7   95.3   -0.3  110.5   52.6 -169.0   49.1 -100.4  -52.3  -56.0  -29.5  -13.5   22.3  146.1  -14.4  120.2  -12.7 -163.0
11:15 |  -40.1  -27.3   40.9  151.5   30.8  104.0    3.8   94.6   -0.3  110.5   53.5 -166.7   47.8  -98.7  -51.5  -53.8  -27.8  -13.0   24.2  146.3  -12.5  120.3  -14.6 -162.8
11:20 |  -38.5  -26.4   39.4  152.5   30.0  103.8    4.9   94.0   -0.2  110.5   54.3 -164.2   46.5  -97.2  -50.6  -51.6  -26.0  -12.6   26.0  146.7  -10.6  120.4  -16.4 -162.6
11:25 |  -36.9  -25.5   37.8  153.4   29.1  103.7    5.9   93.4   -0.2  110.5   54.9 -161.6   45.1  -95.8  -49.5  -49.6  -24.2  -12.2   27.8  147.0   -8.7  120.5  -18.3 -162.4
11:30 |  -35.3  -24.7   36.1  154.2   28.3  103.5    7.0   92.8   -0.1  110.5   55.5 -158.9   43.6  -94.5  -48.4  -47.8  -22.4  -11.8   29.6  147.5   -6.8  120.6  -20.1 -162.1
11:35 |  -33.6  -24.0   34.5  155.0   27.4  103.3    8.1   92.2   -0.1  110.5   55.9 -156.1   42.1  -93.3  -47.3  -46.0  -20.5  -11.5   31.4  148.0   -4.8  120.6  -22.0 -161.8
11:40 |  -31.9  -23.4   32.8  155.6   26.5  103.0    9.1   91.6   -0.0  110.5   56.1 -153.2   40.5  -92.3  -46.0  -44.4  -18.7  -11.3   33.2  148.5   -2.9  120.7  -23.8 -161.5
11:45 |  -30.1  -22.8   31.0  156.2   25.7  102.8   10.2   91.0   -0.0  110.5   56.2 -150.3   38.9  -91.4  -44.7  -43.0  -16.9  -11.1   34.9  149.2   -1.0  120.7  -25.6 -161.1
11:50 |  -28.3  -22.3   29.3  156.7   24.8  102.5   11.3   90.4    0.0  110.5   56.2 -147.4   37.3  -90.5  -43.3  -41.6  -15.0  -10.9   36.6  149.9    1.0  120.7  -27.3 -160.7
11:55 |  -26.6  -21.9   27.5  157.2   23.9  102.2   12.3   89.8    0.1  110.5   56.1 -144.5   35.6  -89.8  -41.8  -40.4  -13.1  -10.7   38.3  150.7    2.9  120.8  -29.1 -160.2
12:00 |  -24.8  -21.5   25.7  157.6   23.0  102.0   13.4   89.2    0.1  110.5   55.8 -141.6   33.9  -89.1  -40.3  -39.3  -11.2  -10.5   39.9  151.6    4.9  120.8  -30.8 -159.7
12:05 |  -22.9  -21.2   23.9  157.9   22.1  101.7   14.5   88.6    0.2  110.5   55.3 -138.8   32.2  -88.5  -38.8  -38.3   -9.4  -10.4   41.5  152.6    6.8  120.9  -32.5 -159.1
12:10 |  -21.1  -20.9   22.1  158.2   21.2  101.3   15.5   88.0    0.2  110.5   54.8 -136.1   30.4  -88.0  -37.2  -37.4   -7.5  -10.3   43.0  153.7    8.7  121.0  -34.2 -158.4
12:15 |  -19.2  -20.7   20.2  158.5   20.2  101.0   16.6   87.5    0.3  110.5   54.1 -133.6   28.6  -87.6  -35.6  -36.6   -5.6  -10.2   44.5  154.9   10.6  121.0  -35.9 -157.6
12:20 |  -17.4  -20.4   18.4  158.8   19.3  100.7   17.6   86.9    0.3  110.5   53.3 -131.1   26.8  -87.2  -33.9  -35.8   -3.7  -10.1   45.9  156.3   12.6  121.1  -37.5 -156.8
12:25 |  -15.5  -20.3   16.5  159.0   18.4  100.3   18.7   86.3    0.3  110.5   52.4 -128.8   25.0  -86.8  -32.2  -35.2   -1.8  -10.0   47.3  157.8   14.5  121.3  -39.0 -155.9
12:30 |  -13.6  -20.1   14.6  159.1   17.5  100.0   19.7   85.8    0.4  110.5   51.4 -126.7   23.1  -86.5  -30.5  -34.6    0.1   -9.9   48.6  159.4   16.4  121.4  -40.6 -154.8
12:35 |  -11.7  -20.0   12.8  159.3   16.5   99.6   20.8   85.3    0.4  110.5   50.3 -124.7   21.3  -86.3  -28.8  -34.1    2.0   -9.8   49.8  161.2   18.3  121.6  -42.1 -153.7
12:40 |   -9.8  -19.8   10.9  159.4   15.6   99.2   21.8   84.7    0.5  110.5   49.1 -122.9   19.4  -86.1  -27.0  -33.6    3.9   -9.7   51.0  163.1   20.1  121.8  -43.5 -152.5
12:45 |   -7.9  -19.7    9.0  159.5   14.6   98.9   22.8   84.2    0.5  110.6   47.8 -121.2   17.5  -85.9  -25.2  -33.2    5.8   -9.6   52.0  165.2   22.0  122.0  -44.9 -151.1
12:50 |   -6.0  -19.6    7.1  159.6   13.7   98.5   23.9   83.7    0.6  110.6   46.5 -119.7   15.6  -85.7  -23.4  -32.8    7.7   -9.5   53.0  167.4   23.9  122.3  -46.2 -149.6
12:55 |   -4.1  -19.6    5.2  159.7   12.8   98.1   24.9   83.2    0.6  110.6   45.1 -118.3   13.7  -85.6  -21.6  -32.5    9.6   -9.4   53.8  169.8   25.7  122.6  -47.4 -148.0
13:00 |   -2.2  -19.5    3.2  159.8   11.8   97.7   25.9   82.7    0.6  110.6   43.6 -117.0   11.8  -85.5  -19.8  -32.2   11.5   -9.2   54.5  172.4   27.5  123.0  -48.6 -146.2
13:05 |   -0.3  -19.4    1.3  159.9   10.8   97.3   26.9   82.3    0.7  110.6   42.1 -115.9    9.9  -85.4  -17.9  -32.0   13.4   -9.1   55.1  175.0   29.3  123.4  -49.7 -144.3
13:10 |    1.6  -19.3   -0.6  159.9    9.9   96.9   28.0   81.8    0.7  110.6   40.5 -114.8    7.9  -85.4  -16.1  -31.7   15.2   -8.9   55.6  177.8   31.1  123.9  -50.7 -142.3
13:15 |    3.5  -19.3   -2.5  160.0    8.9   96.5   29.0   81.4    0.8  110.6   38.9 -113.9    6.0  -85.3  -14.2  -31.6   17.1   -8.7   55.9 -179.4   32.9  124.4  -51.6 -140.1



           BEIDOU-3 M    BEIDOU-2 I    BEIDOU-3 M    BEIDOU-3 M    BEIDOU-3 M    BEIDOU-3 M    BEIDOU-3 M    BEIDOU-3 M    BEIDOU-3 M    BEIDOU-3 M    BEIDOU-3 G    BEIDOU-3 M  
           10 (C30)      GSO-7 (C16    5 (C23)       6 (C24)       12 (C26)      11 (C25)      13 (C32)      14 (C33)      16 (C35)      15 (C34)      1 (C59)       17 (C36)   

10:00 |  -23.9 -136.3  -42.4   95.0   43.7  -49.0   24.3   68.1  -10.7   93.8   52.1   18.3   39.4  -66.2  -32.6   -7.5   48.7  151.1   20.8   41.1   -1.4  140.1  -52.3 -161.6
10:05 |  -25.7 -135.9  -43.2   95.1   45.0  -47.6   22.6   68.5  -12.5   93.9   51.3   20.6   37.8  -65.3  -34.3   -6.9   47.6  152.9   22.6   41.5   -1.3  140.1  -51.5 -159.3
10:10 |  -27.5 -135.4  -44.0   95.2   46.3  -46.1   20.8   68.8  -14.4   94.1   50.4   22.7   36.1  -64.6  -36.0   -6.2   46.4  154.5   24.4   41.8   -1.3  140.1  -50.7 -157.1
10:15 |  -29.3 -135.0  -44.8   95.4   47.5  -44.4   18.9   69.1  -16.2   94.3   49.4   24.8   34.4  -63.9  -37.7   -5.5   45.1  156.1   26.2   42.2   -1.2  140.1  -49.8 -155.0
10:20 |  -31.0 -134.4  -45.5   95.6   48.6  -42.6   17.1   69.4  -18.1   94.6   48.4   26.7   32.7  -63.3  -39.3   -4.6   43.7  157.5   28.0   42.7   -1.2  140.1  -48.7 -153.1
10:25 |  -32.7 -133.8  -46.2   95.9   49.6  -40.7   15.3   69.6  -19.9   94.8   47.2   28.4   30.9  -62.7  -40.9   -3.6   42.3  158.7   29.7   43.2   -1.1  140.1  -47.6 -151.2
10:30 |  -34.4 -133.1  -46.9   96.1   50.6  -38.6   13.4   69.8  -21.7   95.1   46.0   30.1   29.1  -62.3  -42.5   -2.6   40.8  159.9   31.5   43.7   -1.1  140.1  -46.4 -149.6
10:35 |  -36.0 -132.4  -47.6   96.5   51.4  -36.4   11.5   70.0  -23.5   95.5   44.7   31.6   27.3  -61.8  -44.0   -1.4   39.3  160.9   33.2   44.4   -1.0  140.1  -45.1 -148.0
10:40 |  -37.6 -131.5  -48.3   96.8   52.2  -34.1    9.7   70.1  -25.3   95.9   43.4   33.0   25.5  -61.5  -45.4   -0.1   37.8  161.9   34.8   45.1   -1.0  140.1  -43.8 -146.6
10:45 |  -39.2 -130.6  -48.9   97.3   52.8  -31.7    7.8   70.3  -27.1   96.3   42.0   34.2   23.7  -61.2  -46.8    1.4   36.2  162.8   36.4   45.9   -0.9  140.1  -42.4 -145.3
10:50 |  -40.7 -129.5  -49.6   97.7   53.3  -29.1    5.9   70.4  -28.8   96.8   40.5   35.4   21.8  -60.9  -48.1    3.0   34.5  163.5   38.0   46.8   -0.8  140.1  -41.0 -144.1
10:55 |  -42.2 -128.4  -50.2   98.2   53.7  -26.5    4.0   70.5  -30.5   97.3   39.0   36.4   20.0  -60.7  -49.4    4.7   32.9  164.2   39.6   47.8   -0.8  140.1  -39.5 -143.0
11:00 |  -43.6 -127.1  -50.7   98.7   54.0  -23.9    2.2   70.7  -32.2   97.9   37.4   37.4   18.1  -60.5  -50.5    6.6   31.2  164.9   41.1   48.8   -0.7  140.1  -37.9 -142.0
11:05 |  -45.0 -125.8  -51.3   99.3   54.1  -21.2    0.3   70.8  -33.9   98.6   35.8   38.2   16.2  -60.3  -51.6    8.6   29.4  165.4   42.6   50.0   -0.7  140.1  -36.3 -141.1
11:10 |  -46.3 -124.3  -51.8   99.9   54.1  -18.4   -1.6   70.9  -35.5   99.4   34.2   39.0   14.3  -60.2  -52.6   10.8   27.7  165.9   44.0   51.3   -0.6  140.1  -34.7 -140.3
11:15 |  -47.5 -122.6  -52.2  100.6   54.0  -15.7   -3.5   71.0  -37.1  100.2   32.5   39.7   12.4  -60.1  -53.5   13.1   25.9  166.3   45.3   52.7   -0.5  140.1  -33.1 -139.6
11:20 |  -48.7 -120.9  -52.7  101.3   53.7  -13.1   -5.4   71.1  -38.7  101.1   30.8   40.4   10.5  -60.0  -54.2   15.6   24.1  166.7   46.6   54.3   -0.5  140.1  -31.4 -138.9
11:25 |  -49.7 -119.0  -53.1  102.1   53.3  -10.5   -7.2   71.2  -40.2  102.2   29.1   40.9    8.5  -59.9  -54.9   18.2   22.3  167.1   47.8   56.0   -0.4  140.1  -29.7 -138.4
11:30 |  -50.7 -116.9  -53.5  102.8   52.8   -7.9   -9.1   71.4  -41.6  103.3   27.4   41.4    6.6  -59.8  -55.4   20.9   20.5  167.4   48.9   57.8   -0.4  140.1  -27.9 -137.8
11:35 |  -51.6 -114.8  -53.8  103.7   52.2   -5.5  -11.0   71.5  -43.1  104.5   25.6   41.9    4.7  -59.8  -55.8   23.7   18.7  167.7   50.0   59.7   -0.3  140.1  -26.2 -137.4
11:40 |  -52.4 -112.5  -54.1  104.5   51.5   -3.2  -12.9   71.7  -44.4  105.9   23.9   42.3    2.8  -59.7  -56.1   26.6   16.8  167.9   50.9   61.8   -0.2  140.1  -24.4 -137.0
11:45 |  -53.1 -110.0  -54.4  105.4   50.6   -1.0  -14.7   71.9  -45.7  107.3   22.1   42.6    0.8  -59.7  -56.2   29.5   15.0  168.1   51.8   64.0   -0.2  140.1  -22.6 -136.6
11:50 |  -53.6 -107.5  -54.6  106.3   49.7    1.1  -16.5   72.1  -47.0  108.9   20.2   42.9   -1.1  -59.6  -56.2   32.4   13.1  168.3   52.6   66.4   -0.1  140.1  -20.8 -136.3
11:55 |  -54.1 -104.9  -54.8  107.2   48.7    3.1  -18.4   72.3  -48.1  110.7   18.4   43.2   -3.0  -59.6  -56.0   35.3   11.2  168.4   53.2   68.8   -0.0  140.1  -19.0 -136.0
12:00 |  -54.4 -102.2  -55.0  108.1   47.6    4.9  -20.2   72.6  -49.2  112.5   16.6   43.4   -5.0  -59.6  -55.7   38.2    9.4  168.6   53.7   71.4    0.0  140.1  -17.2 -135.7
12:05 |  -54.6  -99.4  -55.1  109.1   46.4    6.5  -22.0   72.9  -50.2  114.5   14.7   43.7   -6.9  -59.5  -55.3   41.0    7.5  168.7   54.1   74.0    0.1  140.1  -15.3 -135.5
12:10 |  -54.6  -96.7  -55.2  110.1   45.1    8.1  -23.8   73.3  -51.1  116.7   12.9   43.8   -8.8  -59.4  -54.7   43.7    5.6  168.8   54.4   76.8    0.1  140.1  -13.4 -135.3
12:15 |  -54.5  -93.9  -55.2  111.0   43.8    9.5  -25.6   73.7  -51.9  118.9   11.0   44.0  -10.7  -59.4  -54.0   46.2    3.7  168.9   54.5   79.5    0.2  140.1  -11.6 -135.1
12:20 |  -54.3  -91.2  -55.2  112.0   42.4   10.8  -27.3   74.1  -52.6  121.3    9.1   44.2  -12.7  -59.3  -53.2   48.6    1.8  169.0   54.5   82.3    0.3  140.1   -9.7 -135.0
12:25 |  -54.0  -88.5  -55.1  113.0   40.9   12.0  -29.1   74.6  -53.1  123.8    7.3   44.3  -14.6  -59.1  -52.3   50.9   -0.1  169.1   54.4   85.0    0.3  140.1   -7.8 -134.8
12:30 |  -53.5  -85.9  -55.0  113.9   39.5   13.1  -30.8   75.2  -53.6  126.3    5.4   44.4  -16.5  -59.0  -51.2   53.1   -2.0  169.2   54.1   87.7    0.4  140.1   -6.0 -134.7
12:35 |  -52.9  -83.4  -54.9  114.9   37.9   14.1  -32.5   75.8  -53.9  129.0    3.5   44.5  -18.4  -58.8  -50.1   55.0   -3.9  169.3   53.7   90.4    0.4  140.1   -4.1 -134.6
12:40 |  -52.2  -81.0  -54.8  115.8   36.3   15.0  -34.1   76.5  -54.1  131.7    1.6   44.7  -20.2  -58.6  -48.9   56.9   -5.7  169.4   53.2   92.9    0.5  140.1   -2.2 -134.5
12:45 |  -51.4  -78.7  -54.5  116.7   34.7   15.8  -35.8   77.3  -54.2  134.4   -0.3   44.8  -22.1  -58.4  -47.7   58.5   -7.6  169.5   52.6   95.4    0.6  140.1   -0.3 -134.4
12:50 |  -50.5  -76.6  -54.3  117.6   33.1   16.5  -37.3   78.1  -54.1  137.1   -2.2   44.9  -24.0  -58.1  -46.3   60.1   -9.5  169.7   51.8   97.7    0.6  140.1    1.6 -134.2
12:55 |  -49.5  -74.6  -54.0  118.5   31.4   17.2  -38.9   79.1  -54.0  139.8   -4.0   45.0  -25.8  -57.8  -44.9   61.5  -11.4  169.8   51.0  100.0    0.7  140.1    3.5 -134.1
13:00 |  -48.4  -72.7  -53.7  119.3   29.7   17.8  -40.4   80.1  -53.6  142.4   -5.9   45.1  -27.6  -57.4  -43.4   62.7  -13.3  170.0   50.0  102.0    0.7  140.1    5.4 -134.0
13:05 |  -47.2  -71.0  -53.3  120.1   28.0   18.3  -41.9   81.3  -53.2  145.0   -7.8   45.2  -29.4  -57.0  -41.9   63.9  -15.1  170.1   49.0  104.0    0.8  140.1    7.3 -133.9
13:10 |  -45.9  -69.4  -53.0  120.9   26.2   18.8  -43.3   82.5  -52.6  147.5   -9.7   45.4  -31.2  -56.5  -40.3   64.9  -17.0  170.3   47.9  105.8    0.9  140.1    9.1 -133.7
13:15 |  -44.6  -67.9  -52.5  121.6   24.4   19.2  -44.6   83.9  -52.0  149.9  -11.6   45.5  -32.9  -56.0  -38.7   65.8  -18.8  170.6   46.6  107.5    0.9  140.1   11.0 -133.6



           BEIDOU-3 M    BEIDOU-3 I    BEIDOU-2 G    BEIDOU-3 I    BEIDOU-3 M    BEIDOU-3 M    BEIDOU-3 I    BEIDOU-3 M    BEIDOU-3 M    BEIDOU-3 M    BEIDOU-3 M    BEIDOU-3 G  
           18 (C37)      GSO-1 (C38    8 (C01)       GSO-2 (C39    24 (C46)      23 (C45)      GSO-3 (C40    22 (C44)      21 (C43)      19 (C41)      20 (C42)      2 (C60)    

10:00 |   11.7  -84.2    7.2  115.5    0.0  144.6  -49.0  104.5  -26.1 -113.0  -44.7  132.7   42.6  135.5   50.7   86.4  -12.5   16.1    2.5  -34.4  -56.0   51.5   -1.2   80.1
10:05 |   13.5  -84.0    8.3  115.0    0.1  144.6  -49.6  104.9  -24.4 -112.6  -46.0  134.1   41.8  135.5   51.6   88.6  -10.7   16.3    0.6  -34.3  -56.1   54.4   -1.1   80.1
10:10 |   15.4  -83.8    9.3  114.4    0.1  144.5  -50.2  105.4  -22.6 -112.2  -47.3  135.8   41.0  135.6   52.3   90.9   -8.8   16.4   -1.3  -34.3  -56.1   57.4   -1.1   80.1
10:15 |   17.2  -83.6   10.4  113.8    0.2  144.5  -50.8  105.9  -20.7 -111.9  -48.4  137.5   40.1  135.5   53.0   93.3   -6.9   16.5   -3.3  -34.2  -55.9   60.3   -1.0   80.1
10:20 |   19.1  -83.4   11.4  113.2    0.2  144.5  -51.3  106.5  -18.9 -111.6  -49.5  139.4   39.3  135.5   53.5   95.9   -5.0   16.7   -5.2  -34.2  -55.7   63.2   -1.0   80.1
10:25 |   20.9  -83.1   12.5  112.7    0.3  144.5  -51.8  107.1  -17.1 -111.4  -50.5  141.4   38.4  135.4   53.9   98.5   -3.1   16.8   -7.1  -34.1  -55.2   65.9   -0.9   80.1
10:30 |   22.7  -82.7   13.5  112.1    0.3  144.5  -52.3  107.7  -15.2 -111.2  -51.4  143.6   37.5  135.3   54.2  101.2   -1.2   16.9   -9.0  -34.0  -54.7   68.6   -0.9   80.1
10:35 |   24.5  -82.4   14.6  111.6    0.4  144.5  -52.7  108.4  -13.4 -111.0  -52.2  145.9   36.7  135.2   54.3  103.9    0.7   17.0  -11.0  -34.0  -54.0   71.2   -0.8   80.1
10:40 |   26.3  -82.0   15.6  111.0    0.4  144.5  -53.1  109.1  -11.5 -110.8  -52.8  148.3   35.8  135.0   54.4  106.7    2.5   17.1  -12.9  -33.9  -53.2   73.7   -0.7   80.1
10:45 |   28.0  -81.5   16.7  110.5    0.4  144.5  -53.5  109.9   -9.6 -110.7  -53.4  150.8   34.8  134.8   54.3  109.4    4.4   17.2  -14.8  -33.7  -52.3   75.9   -0.7   80.1
10:50 |   29.8  -81.0   17.7  110.0    0.5  144.5  -53.8  110.7   -7.7 -110.5  -53.9  153.4   33.9  134.6   54.0  112.1    6.3   17.3  -16.7  -33.6  -51.2   78.1   -0.6   80.1
10:55 |   31.5  -80.4   18.7  109.5    0.5  144.5  -54.1  111.5   -5.8 -110.4  -54.2  156.0   33.0  134.4   53.6  114.8    8.2   17.4  -18.6  -33.4  -50.1   80.1   -0.6   80.1
11:00 |   33.1  -79.7   19.8  108.9    0.6  144.5  -54.4  112.3   -3.9 -110.3  -54.4  158.7   32.1  134.1   53.1  117.3   10.1   17.6  -20.4  -33.2  -48.9   81.9   -0.5   80.1
11:05 |   34.8  -79.0   20.8  108.4    0.6  144.5  -54.7  113.2   -2.0 -110.2  -54.4  161.5   31.1  133.8   52.5  119.8   12.0   17.7  -22.3  -33.0  -47.7   83.6   -0.5   80.1
11:10 |   36.4  -78.2   21.8  108.0    0.7  144.5  -54.8  114.1   -0.1 -110.1  -54.3  164.2   30.2  133.6   51.8  122.1   13.8   17.9  -24.2  -32.7  -46.3   85.2   -0.4   80.1
11:15 |   38.0  -77.3   22.8  107.5    0.7  144.5  -55.0  115.0    1.8 -110.0  -54.1  166.9   29.2  133.2   51.0  124.4   15.7   18.1  -26.0  -32.4  -44.9   86.6   -0.3   80.1
11:20 |   39.5  -76.3   23.9  107.0    0.8  144.5  -55.1  115.9    3.6 -109.9  -53.8  169.6   28.2  132.9   50.0  126.5   17.5   18.3  -27.8  -32.0  -43.4   87.8   -0.3   80.1
11:25 |   41.0  -75.2   24.9  106.6    0.8  144.5  -55.2  116.9    5.5 -109.8  -53.3  172.2   27.3  132.6   49.0  128.4   19.4   18.6  -29.6  -31.5  -41.9   89.0   -0.2   80.1
11:30 |   42.5  -74.0   25.9  106.1    0.8  144.5  -55.2  117.8    7.4 -109.6  -52.8  174.7   26.3  132.2   47.9  130.3   21.2   18.9  -31.4  -31.0  -40.4   90.0   -0.2   80.1
11:35 |   43.9  -72.7   26.9  105.7    0.9  144.5  -55.2  118.8    9.3 -109.5  -52.1  177.1   25.3  131.8   46.7  132.0   23.0   19.2  -33.1  -30.5  -38.7   91.0   -0.1   80.1
11:40 |   45.2  -71.3   27.9  105.3    0.9  144.5  -55.2  119.7   11.2 -109.4  -51.3  179.3   24.3  131.4   45.4  133.5   24.8   19.6  -34.9  -29.8  -37.1   91.8   -0.0   80.1
11:45 |   46.5  -69.7   28.9  104.9    1.0  144.5  -55.1  120.7   13.1 -109.2  -50.4 -178.5   23.3  131.0   44.1  135.0   26.6   20.0  -36.6  -29.1  -35.4   92.6    0.0   80.1
11:50 |   47.6  -68.0   29.9  104.5    1.0  144.5  -55.0  121.6   14.9 -109.0  -49.4 -176.5   22.3  130.6   42.7  136.3   28.4   20.5  -38.2  -28.3  -33.7   93.2    0.1   80.1
11:55 |   48.8  -66.2   30.9  104.1    1.0  144.5  -54.8  122.5   16.8 -108.8  -48.3 -174.6   21.3  130.2   41.3  137.5   30.1   21.0  -39.8  -27.4  -31.9   93.8    0.1   80.1
12:00 |   49.8  -64.3   31.8  103.8    1.1  144.5  -54.6  123.4   18.6 -108.6  -47.1 -172.9   20.3  129.8   39.8  138.6   31.8   21.6  -41.4  -26.4  -30.2   94.3    0.2   80.1
12:05 |   50.7  -62.2   32.8  103.5    1.1  144.5  -54.4  124.3   20.5 -108.3  -45.9 -171.3   19.3  129.3   38.2  139.6   33.5   22.3  -43.0  -25.3  -28.4   94.8    0.2   80.1
12:10 |   51.6  -60.0   33.8  103.1    1.2  144.5  -54.1  125.1   22.3 -108.0  -44.5 -169.8   18.3  128.9   36.7  140.5   35.1   23.0  -44.5  -24.1  -26.6   95.2    0.3   80.1
12:15 |   52.3  -57.7   34.7  102.9    1.2  144.5  -53.8  125.9   24.1 -107.6  -43.2 -168.5   17.3  128.4   35.0  141.3   36.7   23.8  -45.9  -22.7  -24.7   95.5    0.4   80.1
12:20 |   52.9  -55.2   35.7  102.6    1.2  144.5  -53.5  126.7   25.9 -107.2  -41.7 -167.2   16.2  127.9   33.4  142.0   38.3   24.7  -47.2  -21.2  -22.9   95.8    0.4   80.1
12:25 |   53.4  -52.7   36.6  102.4    1.3  144.5  -53.1  127.5   27.7 -106.8  -40.3 -166.1   15.2  127.4   31.7  142.7   39.9   25.7  -48.5  -19.5  -21.0   96.1    0.5   80.1
12:30 |   53.8  -50.1   37.5  102.2    1.3  144.5  -52.7  128.2   29.4 -106.3  -38.7 -165.1   14.2  126.9   30.0  143.3   41.4   26.8  -49.8  -17.8  -19.1   96.3    0.5   80.1
12:35 |   54.1  -47.4   38.5  102.0    1.3  144.5  -52.3  128.9   31.1 -105.7  -37.2 -164.2   13.2  126.4   28.3  143.8   42.8   28.1  -50.9  -15.8  -17.2   96.5    0.6   80.1
12:40 |   54.2  -44.7   39.4  101.8    1.4  144.5  -51.8  129.5   32.8 -105.1  -35.6 -163.3   12.1  125.9   26.5  144.3   44.2   29.4  -51.9  -13.7  -15.3   96.7    0.6   80.1
12:45 |   54.2  -41.9   40.3  101.7    1.4  144.5  -51.3  130.1   34.5 -104.4  -33.9 -162.6   11.1  125.4   24.7  144.7   45.5   30.8  -52.9  -11.5  -13.4   96.8    0.7   80.1
12:50 |   54.0  -39.2   41.2  101.6    1.4  144.5  -50.8  130.6   36.1 -103.6  -32.2 -161.9   10.1  124.9   22.9  145.0   46.8   32.4  -53.7   -9.1  -11.5   96.9    0.8   80.1
12:55 |   53.8  -36.6   42.1  101.5    1.5  144.5  -50.2  131.2   37.7 -102.7  -30.5 -161.3    9.0  124.4   21.1  145.4   48.0   34.1  -54.5   -6.5   -9.6   97.0    0.8   80.1
13:00 |   53.4  -33.9   42.9  101.5    1.5  144.5  -49.6  131.6   39.3 -101.7  -28.8 -160.8    8.0  123.9   19.3  145.6   49.1   36.0  -55.1   -3.9   -7.7   97.1    0.9   80.1
13:05 |   52.9  -31.4   43.8  101.5    1.5  144.5  -49.0  132.0   40.8 -100.7  -27.0 -160.3    7.0  123.3   17.5  145.9   50.1   37.9  -55.5   -1.1   -5.7   97.1    0.9   80.1
13:10 |   52.2  -29.0   44.6  101.5    1.6  144.5  -48.4  132.4   42.3  -99.5  -25.3 -159.8    5.9  122.8   15.6  146.1   51.0   40.1  -55.9    1.7   -3.8   97.2    1.0   80.1
13:15 |   51.5  -26.7   45.4  101.6    1.6  144.5  -47.7  132.8   43.7  -98.2  -23.5 -159.5    4.9  122.3   13.8  146.3   51.8   42.3  -56.1    4.6   -1.9   97.2    1.0   80.1



           BEIDOU-3 G    BEIDOU-3 G    BEIDOU-3 M    BEIDOU-3 M  
           3 (C61)       4 (C62)       28 (C50)      26 (C48)   

10:00 |   -0.4  110.6    0.5  160.0  -50.7   89.3   47.7 -163.3
10:05 |   -0.4  110.6    0.4  160.0  -49.7   91.3   48.9 -161.6
10:10 |   -0.4  110.6    0.4  160.0  -48.5   93.2   50.0 -159.7
10:15 |   -0.3  110.6    0.4  160.0  -47.3   94.9   51.1 -157.7
10:20 |   -0.3  110.6    0.3  160.0  -46.0   96.4   52.0 -155.5
10:25 |   -0.3  110.6    0.3  160.0  -44.6   97.8   52.8 -153.2
10:30 |   -0.3  110.6    0.3  160.0  -43.2   99.1   53.6 -150.8
10:35 |   -0.2  110.6    0.3  160.0  -41.7  100.3   54.2 -148.2
10:40 |   -0.2  110.6    0.2  160.0  -40.2  101.4   54.6 -145.5
10:45 |   -0.2  110.6    0.2  160.0  -38.6  102.4   55.0 -142.8
10:50 |   -0.1  110.6    0.2  160.0  -37.0  103.2   55.2 -140.0
10:55 |   -0.1  110.6    0.1  160.0  -35.3  104.0   55.3 -137.2
11:00 |   -0.1  110.6    0.1  160.0  -33.7  104.7   55.3 -134.4
11:05 |   -0.1  110.6    0.1  160.0  -31.9  105.3   55.1 -131.5
11:10 |   -0.0  110.6    0.0  160.0  -30.2  105.9   54.8 -128.8
11:15 |    0.0  110.6   -0.0  160.0  -28.4  106.4   54.3 -126.1
11:20 |    0.0  110.6   -0.0  160.0  -26.6  106.8   53.7 -123.5
11:25 |    0.1  110.6   -0.1  160.0  -24.8  107.2   53.0 -121.1
11:30 |    0.1  110.6   -0.1  160.0  -23.0  107.5   52.2 -118.7
11:35 |    0.1  110.6   -0.1  160.0  -21.2  107.8   51.3 -116.5
11:40 |    0.1  110.6   -0.2  160.0  -19.3  108.1   50.3 -114.4
11:45 |    0.2  110.6   -0.2  160.0  -17.5  108.3   49.2 -112.5
11:50 |    0.2  110.6   -0.2  160.0  -15.6  108.5   48.0 -110.7
11:55 |    0.2  110.6   -0.3  160.0  -13.7  108.6   46.8 -109.1
12:00 |    0.3  110.6   -0.3  160.0  -11.8  108.8   45.5 -107.6
12:05 |    0.3  110.6   -0.3  160.0   -9.9  108.9   44.1 -106.2
12:10 |    0.3  110.6   -0.4  160.0   -8.0  109.0   42.6 -105.0
12:15 |    0.3  110.6   -0.4  160.0   -6.1  109.1   41.1 -103.8
12:20 |    0.4  110.6   -0.4  160.0   -4.2  109.2   39.6 -102.8
12:25 |    0.4  110.6   -0.5  160.0   -2.3  109.3   38.0 -101.9
12:30 |    0.4  110.6   -0.5  160.0   -0.4  109.3   36.4 -101.0
12:35 |    0.4  110.6   -0.5  160.0    1.5  109.4   34.7 -100.3
12:40 |    0.5  110.6   -0.6  160.0    3.5  109.5   33.0  -99.6
12:45 |    0.5  110.6   -0.6  160.0    5.4  109.6   31.3  -99.0
12:50 |    0.5  110.6   -0.6  160.0    7.3  109.6   29.5  -98.5
12:55 |    0.5  110.6   -0.6  160.0    9.2  109.7   27.8  -98.0
13:00 |    0.6  110.6   -0.7  160.0   11.1  109.9   26.0  -97.6
13:05 |    0.6  110.6   -0.7  160.0   13.0  110.0   24.1  -97.3
13:10 |    0.6  110.6   -0.7  160.0   14.9  110.1   22.3  -97.0
13:15 |    0.6  110.6   -0.8  160.0   16.7  110.3   20.5  -96.7
